100206
100307
101006
102008
102311
102513
102614
103212
104416
105216
105923
107422
108525
108828
109123
109830
110007
110411
110613
111009
111211
111312
112314
112920
113215
113316
114217
114419
114823
115017
115825
116726
117021
118528
118730
118831
118932
119126
120212
120414
121618
123117
123420
125222
126325
126426
126628
127226
127327
127731
127933
128026
129028
130316
130417
130720
131419
131823
133928
134021
134425
134627
134829
135124
135225
136732
136833
137027
137431
137532
139233
139839
140117
140925
141119
142828
143224
143426
144125
144832
145127
146432
146533
147030
148032
148335
148840
149337
150625
151425
151627
152225
152427
152831
153126
153227
153631
153732
153833
154330
154532
154734
154835
154936
155635
155938
156031
156435
156637
157942
158338
159744
160123
161832
162026
162935
163129
164030
164636
164939
165840
166640
167238
168745
168947
169545
169949
170631
171330
171532
172029
172433
172534
173839
173940
174437
175338
175540
176542
176744
177241
177645
179346
180129
180230
180432
180533
180735
180937
181636
185038
185442
186141
187143
188145
188347
189450
189652
191841
192035
192136
192439
192641
192843
193239
194443
194645
194746
194847
195647
196750
197550
198350
198451
198855
199150
199251
199655
199958
200109
200311
200513
200917
201515
201818
203418
204016
204319
204622
205119
205826
206727
207426
208226
208327
208630
209127
210011
210112
210617
211215
211417
211619
211922
212015
213017
214221
214423
220721
224022
227432
231928
237334
250932
257542
268749
268850
274542
275645
280739
280941
285446
286347
289555
290136
298051
298455
300719
303119
304727
308331
311320
314225
316633
321323
325129
329440
329844
330324
333330
346137
346945
349244
352132
365343
366446
368753
376247
377451
378756
378857
381038
381543
385046
386250
389357
390645
392447
393247
394956
395251
395756
395958
397154
406836
413934
419239
421226
422632
424939
432332
433839
448347
461743
465852
467351
475855
479762
480141
486759
495255
497865
510326
512835
513130
516742
519950
522434
523032
524135
525541
529953
530635
531536
531940
540436
545345
552241
553344
555651
555954
557857
561444
561949
562345
562446
567052
571144
579665
580650
580751
583858
585862
587664
588565
589567
590047
594156
599671
604537
611938
613538
615441
616645
618952
620434
622236
627549
638049
654350
654754
656253
657659
668361
675661
677968
679770
680452
683256
686969
687163
692964
698168
704238
709551
715041
715950
720337
727553
729254
729557
748258
748662
753150
756055
757764
760551
769064
770352
774663
779370
783462
784565
788876
792564
792867
793465
803240
804646
809252
810843
814649
815247
818455
820745
826353
827052
833148
833249
835657
837560
841349
844961
849264
849971
857263
861456
865363
867468
871964
872562
872764
873968
884064
885975
888678
889579
894067
894774
898176
902242
907656
908860
911849
919966
926862
932554
937160
947668
951457
952863
955465
957974
959574
962058
966975
970764
971160
979984
987074
